0.0019625
0.0010375
0.000175
0.0056188
0.0007375
0.00060625
0.00535
0.00043125
0.003275
0.00073125
0.000575
0.000525
0.0015063
0.0022188
0.00085625
0.0010688
0.003475
0.00215
0.013906
0.0007125
0.0005
0.0020688
0.0015125
0.0038875
0.0010625
0.000225
0.00018125
0.011513
0.0010563
0.000375
0.0010813
0.0049125
0.00093125
0.00080625
0.0010375
0.0017375
0.001025
0.001575
0.021738
0.0037063
0.000525
0.0010563
0.0018938
0.0053813
0.0019875
0.00050625
0.00030625
0.0013313
0.00041875
0.060825
0.0013063
0.000975
0.0020188
0.001325
0.003975
0.0011313
0.0029875
0.0019313
0.0068938
0.00115
0.00068125
0.00081875
0.0008
0.00075
0.0018438
0.001025
0.0008125
0.00115
0.0064188
0.0024625
0.00625
0.0019125
0.001525
0.002225
0.014013
0.0011375
0.00085
0.028369
0.0016625
0.0025562
0.0031125
0.0013688
0.0047563
0.0067563
0.002
0.00275
0.00045
0.00046875
0.021356
0.0043875
0.0031875
0.0049563
0.0006125
0.0018188
0.0010125
0.011331
0.0018125
0.003325
0.0002625
0.0026813
0.0008375
0.0022375
0.000225
0.0012438
0.0013438
0.0009125
0.00070625
0.00036875
0.00275
0.00065
0.0023688
0.0022125
0.000675
0.00014375
0.00085
0.0021875
0.0051313
0.0025688
0.004025
0.000975
0.0008375
0.0055875
0.0021063
0.007175
0.0005625
0.0031375
0.00025625
0.00048125
0.0035125
0.0018125
0.00016875
0.0020063
0.0017938
0.00525
0.00049375
0.0028938
0.00050625
0.0021125
0.00945
0.0012875
0.00063125
0.0026813
0.0004375
0.0011688
0.015144
0.000475
0.0009
0.0015563
0.010519
0.0003375
0.027181
0.000875
0.0013313
0.00084375
0.000975
0.001775
0.0013813
0.000575
0.0011375
0.00043125
0.00053125
0.0093188
0.0021375
0.012238
0.0015188
0.0018625
0.0017875
0.0012063
0.002675
0.0016688
0.00048125
0.0007
0.0037563
0.0021563
0.0043375
0.0045438
0.0032063
0.045881
0.00145
0.0013313
0.0013813
0.0001625
0.0087688
0.0025063
0.0021438
0.00066875
0.0012125
0.0002625
0.000425
0.0023188
0.0005625
0.00046875
0.001125
0.0010313
0.0014563
0.0011625
0.022394
0.0011813
0.0013125
0.0006125
0.0024125
0.0011313
0.0029125
0.0061375
0.0013063
0.0005125
0.00088125
0.00085
0.000725
0.0008875
0.0014875
0.0009625
0.0019375
0.0016125
0.00086875
0.00066875
0.0008875
0.008
0.002075
0.0012875
0.00031875
0.00076875
0.0025
0.00021875
0.0011313
0.0057625
0.10061
0.012113
0.00038125
0.0034063
0.010713
0.00050625
0.0025625
0.00063125
0.00125
0.12814
0.00075
0.0006875
0.00215
0.000625
0.0011188
0.002225
0.001
0.0011375
0.00055625
0.001375
0.0019375
0.000475
0.0016313
0.0004
0.0011625
0.00125
0.0005875
0.0011625
0.00088125
0.0007375
