0.0071426
0.0028078
0.00414
0.0042323
0.0035969
0.00098377
0.0048061
0.0037916
0.0050726
0.00034842
0.0022955
0.0046012
0.001947
0.004386
0.00060461
0.0026439
0.0067839
0.0047446
0.0068659
0.0056874
6.1485e-05
0.0055337
0.0028283
0.0037301
0.0062305
0.0026541
0.0027873
0.0036789
0.0025107
0.0044679
0.0037609
0.0068556
0.0015166
0.0039966
0.0034329
0.0039658
0.0034534
0.00045089
0.0053697
0.0044167
0.0011067
0.0040683
0.0070606
0.0056054
0.0070401
0.0027464
0.0052468
0.0013117
0.0036789
0.0049086
0.0050521
0.0046626
0.0063228
0.00079931
0.007573
0.002029
0.0061895
0.0019573
0.0073065
0.002316
0.0039453
8.1981e-05
0.0037711
0.0060358
0.002275
0.00049188
0.0020598
0.0022545
0.003351
0.0021725
0.0049803
0.0020598
0.004386
0.003023
0.0063125
0.0080751
0.0018138
0.006169
0.0048881
0.0054415
0.0062613
0.0026951
0.002111
0.0052263
0.0042835
0.0068249
0.0028591
0.0038736
0.0080341
0.0034124
0.0073065
0.008608
0.0059231
0.0019163
0.0025721
0.0077984
0.0020085
0.0049906
0.0029103
0.0086592
0.0029513
0.0060871
0.0061178
0.0026746
0.0028386
0.0020085
0.0022545
0.0019778
0.0054005
0.0014244
0.0028283
0.0023672
0.0053082
0.0027873
0.00013322
0.0041503
0.0050418
0.0016191
0.0030743
0.0018753
0.0040068
0.0055644
0.002316
0.006538
0.0038019
0.0041093
0.0019675
0.001947
0.0070708
0.0025312
0.0023569
0.0013834
0.00073783
0.0057182
0.0061793
0.0018753
0.0008608
0.0028796
0.0040785
0.0039146
0.0053492
0.0034227
0.0013014
0.002152
0.0064765
0.003351
0.0033305
0.0037814
0.0081981
0.0021008
0.002111
0.0071426
0.0043552
0.0037199
0.0045397
0.00068659
0.0027259
0.0024799
0.0035252
0.0013629
0.00097352
0.0074192
0.0059026
0.0068249
0.0039146
0.0031768
0.0039043
0.0033612
0.0032997
0.004386
0.0027156
0.0057591
0.0084952
0.0067327
0.0068966
0.003228
0.0044167
0.0046319
0.0056977
0.002234
0.0082083
0.0034124
0.0064355
0.0039556
0.006497
0.0027259
0.0051955
0.0069171
0.0044987
0.0051238
0.0033612
0.0012707
0.0017011
0.0058411
0.0035867
0.0001947
0.0026234
0.0027976
0.0026746
0.0036276
0.0052878
0.0018958
0.0022852
0.007204
0.0015474
0.0038428
0.0041298
0.0026234
0.001988
0.0056772
0.0030025
0.0036379
0.002234
0.00097352
0.00124
0.0018138
0.0034432
0.0057796
0.0075627
0.0017216
0.0029103
0.0053185
0.0045192
0.0016601
0.0046524
0.0039761
0.0014757
0.0069479
0.0021315
0.0050521
0.0058821
0.0034637
0.0035969
0.0019983
0.0068249
0.0046114
0.0027054
0.0031563
0.0064662
0.0062613
0.0020905
0.0033612
0.0025516
0.0030743
0.0017728
0.0036379
0.0025209
0.0030845
0.005093
0.003187
0.007491
0.0081878
0.00075832
0.0058616
0.0038838
0.004427
